== 0 0 0 0 : 1
== 1 0 0 0 : 2
== 0 1 0 0 : 3
== 0 0 1 0 : 4
== 2 0 0 0 : 4
== 0 0 0 1 : 5
== 1 1 0 0 : 6
== 1 0 1 0 : 8
== 3 0 0 0 : 8
== 0 2 0 0 : 9
== 1 0 0 1 : 10
== 0 1 1 0 : 12
== 2 1 0 0 : 12
== 0 1 0 1 : 15
== 0 0 2 0 : 16
== 2 0 1 0 : 16
== 4 0 0 0 : 16
== 1 2 0 0 : 18
== 0 0 1 1 : 20
== 2 0 0 1 : 20
== 1 1 1 0 : 24
== 3 1 0 0 : 24
== 0 0 0 2 : 25
== 0 3 0 0 : 27
== 1 1 0 1 : 30
== 1 0 2 0 : 32
== 3 0 1 0 : 32
== 0 2 1 0 : 36
== 2 2 0 0 : 36
== 1 0 1 1 : 40
== 3 0 0 1 : 40
== 0 2 0 1 : 45
== 0 1 2 0 : 48
== 2 1 1 0 : 48
== 4 1 0 0 : 48
== 1 0 0 2 : 50
== 1 3 0 0 : 54
== 0 1 1 1 : 60
== 2 1 0 1 : 60
== 0 0 3 0 : 64
== 2 0 2 0 : 64
== 4 0 1 0 : 64
== 1 2 1 0 : 72
== 3 2 0 0 : 72
== 0 1 0 2 : 75
== 0 0 2 1 : 80
== 2 0 1 1 : 80
== 4 0 0 1 : 80
== 0 4 0 0 : 81
== 1 2 0 1 : 90
== 1 1 2 0 : 96
== 3 1 1 0 : 96
== 0 0 1 2 : 100
== 2 0 0 2 : 100
== 0 3 1 0 : 108
== 2 3 0 0 : 108
== 1 1 1 1 : 120
== 3 1 0 1 : 120
== 0 0 0 3 : 125
== 1 0 3 0 : 128
== 3 0 2 0 : 128
== 0 3 0 1 : 135
== 0 2 2 0 : 144
== 2 2 1 0 : 144
== 4 2 0 0 : 144
== 1 1 0 2 : 150
== 1 0 2 1 : 160
== 3 0 1 1 : 160
== 1 4 0 0 : 162
== 0 2 1 1 : 180
== 2 2 0 1 : 180
== 0 1 3 0 : 192
== 2 1 2 0 : 192
== 4 1 1 0 : 192
== 1 0 1 2 : 200
== 3 0 0 2 : 200
== 1 3 1 0 : 216
== 3 3 0 0 : 216
== 0 2 0 2 : 225
== 0 1 2 1 : 240
== 2 1 1 1 : 240
== 4 1 0 1 : 240
== 1 0 0 3 : 250
== 0 0 4 0 : 256
== 2 0 3 0 : 256
== 4 0 2 0 : 256
== 1 3 0 1 : 270
== 1 2 2 0 : 288
== 3 2 1 0 : 288
== 0 1 1 2 : 300
== 2 1 0 2 : 300
== 0 0 3 1 : 320
== 2 0 2 1 : 320
== 4 0 1 1 : 320
== 0 4 1 0 : 324
== 2 4 0 0 : 324
== 1 2 1 1 : 360
== 3 2 0 1 : 360
== 0 1 0 3 : 375
== 1 1 3 0 : 384
== 3 1 2 0 : 384
== 0 0 2 2 : 400
== 2 0 1 2 : 400
== 4 0 0 2 : 400
== 0 4 0 1 : 405
== 0 3 2 0 : 432
== 2 3 1 0 : 432
== 4 3 0 0 : 432
== 1 2 0 2 : 450
== 1 1 2 1 : 480
== 3 1 1 1 : 480
== 0 0 1 3 : 500
== 2 0 0 3 : 500
== 1 0 4 0 : 512
== 3 0 3 0 : 512
== 0 3 1 1 : 540
== 2 3 0 1 : 540
== 0 2 3 0 : 576
== 2 2 2 0 : 576
== 4 2 1 0 : 576
== 1 1 1 2 : 600
== 3 1 0 2 : 600
== 0 0 0 4 : 625
== 1 0 3 1 : 640
== 3 0 2 1 : 640
== 1 4 1 0 : 648
== 3 4 0 0 : 648
== 0 3 0 2 : 675
== 0 2 2 1 : 720
== 2 2 1 1 : 720
== 4 2 0 1 : 720
== 1 1 0 3 : 750
== 0 1 4 0 : 768
== 2 1 3 0 : 768
== 4 1 2 0 : 768
== 1 0 2 2 : 800
== 3 0 1 2 : 800
== 1 4 0 1 : 810
== 1 3 2 0 : 864
== 3 3 1 0 : 864
== 0 2 1 2 : 900
== 2 2 0 2 : 900
== 0 1 3 1 : 960
== 2 1 2 1 : 960
== 4 1 1 1 : 960
== 1 0 1 3 : 1000
== 3 0 0 3 : 1000
== 2 0 4 0 : 1024
== 4 0 3 0 : 1024
