0202 -100.08552221 -99.76221639
0.800000 1.10000
0204 -100.35227288 -100.02213530
0.800000 1.30000
0206 -100.48917006 -100.15370267
0.800000 1.50000
0208 -100.56376643 -100.22602758
0.800000 1.70000
0210 -100.63153330 -100.30476968
0.800000 2.10
0212 -100.65814786 -100.34886892
0.800000 2.50
0214 -100.67074531 -100.37172218
0.800000 2.90
0216 -100.67687347 -100.38268404
0.800000 3.30
0218 -100.67966532 -100.38773331
0.800000 3.70
0220 -100.68110152 -100.39061618
0.800000 4.30
0222 -100.68138984 -100.39147539
0.800000 4.90
0224 -100.68146041 -100.39177899
0.800000 5.50
0226 -100.68143876 -100.39189911
0.800000 6.30
0228 -100.68138950 -100.39191290
0.800000 7.10
0230 -100.68135741 -100.39191049
0.800000 7.90
0232 -100.68133982 -100.39190728
0.800000 8.70
0234 -100.68133027 -100.39190519
0.800000 9.50
0236 -100.68132450 -100.39190375
0.800000 10.3
0402 -100.25734336 -99.93558155
1.00000 1.10000
0404 -100.51472969 -100.18692269
1.00000 1.30000
0406 -100.63967965 -100.30591510
1.00000 1.50000
0408 -100.70234721 -100.36410459
1.00000 1.70000
0410 -100.75199452 -100.42032515
1.00000 2.10
0412 -100.76888790 -100.45650902
1.00000 2.50
0414 -100.77736763 -100.47687724
1.00000 2.90
0416 -100.78201929 -100.48709672
1.00000 3.30
0418 -100.78433492 -100.49197866
1.00000 3.70
0420 -100.78561308 -100.49488296
1.00000 4.30
0422 -100.78584879 -100.49577702
1.00000 4.90
0424 -100.78602471 -100.49619312
1.00000 5.50
0426 -100.78599098 -100.49631287
1.00000 6.30
0428 -100.78593444 -100.49632471
1.00000 7.10
0430 -100.78589814 -100.49632044
1.00000 7.90
0432 -100.78587824 -100.49631601
1.00000 8.70
0434 -100.78586731 -100.49631312
1.00000 9.50
0436 -100.78586064 -100.49631115
1.00000 10.3
0602 -100.35938427 -100.04022121
1.20000 1.10000
0604 -100.60769201 -100.28285694
1.20000 1.30000
0606 -100.72266878 -100.39156177
1.20000 1.50000
0608 -100.77554078 -100.43841481
1.20000 1.70000
0610 -100.80909296 -100.47151771
1.20000 2.10
0612 -100.81613358 -100.49941042
1.20000 2.50
0614 -100.82013666 -100.51744123
1.20000 2.90
0616 -100.82315441 -100.52697724
1.20000 3.30
0618 -100.82493853 -100.53170744
1.20000 3.70
0620 -100.82603237 -100.53463597
1.20000 4.30
0622 -100.82632584 -100.53567785
1.20000 4.90
0624 -100.82648563 -100.53609406
1.20000 5.50
0626 -100.82644080 -100.53621409
1.20000 6.30
0628 -100.82637737 -100.53622417
1.20000 7.10
0630 -100.82633704 -100.53621807
1.20000 7.90
0632 -100.82631483 -100.53621241
1.20000 8.70
0634 -100.82630242 -100.53620865
1.20000 9.50
0636 -100.82629486 -100.53620613
1.20000 10.3
0802 -100.42391939 -100.10763189
1.40000 1.10000
0804 -100.66466027 -100.34301877
1.40000 1.30000
0806 -100.77175630 -100.44388722
1.40000 1.50000
0808 -100.81680175 -100.48231579
1.40000 1.70000
0810 -100.83647150 -100.49322615
1.40000 2.10
0812 -100.83345553 -100.51094600
1.40000 2.50
0814 -100.83242550 -100.52669166
1.40000 2.90
0816 -100.83355613 -100.53557599
1.40000 3.30
0818 -100.83472556 -100.54015896
1.40000 3.70
0820 -100.83560195 -100.54310697
1.40000 4.30
0822 -100.83593362 -100.54429026
1.40000 4.90
0824 -100.83608098 -100.54470745
1.40000 5.50
0826 -100.83602671 -100.54482847
1.40000 6.30
0828 -100.83595690 -100.54483709
1.40000 7.10
0830 -100.83591271 -100.54482928
1.40000 7.90
0832 -100.83588824 -100.54482236
1.40000 8.70
0834 -100.83587440 -100.54481772
1.40000 9.50
0836 -100.83586599 -100.54481464
1.40000 10.3
1002 -100.49507106 -100.18387310
1.80000 1.10000
1004 -100.72566396 -100.40968919
1.80000 1.30000
1006 -100.82235606 -100.50071276
1.80000 1.50000
1008 -100.85678184 -100.52887644
1.80000 1.70000
1010 -100.85565209 -100.51382728
1.80000 2.10
1012 -100.83349900 -100.49437864
1.80000 2.50
1014 -100.82032240 -100.50532769
1.80000 2.90
1016 -100.81644375 -100.51294333
1.80000 3.30
1018 -100.81599311 -100.51722814
1.80000 3.70
1020 -100.81628921 -100.52019283
1.80000 4.30
1022 -100.81661329 -100.52162627
1.80000 4.90
1024 -100.81674911 -100.52204835
1.80000 5.50
1026 -100.81668421 -100.52217399
1.80000 6.30
1028 -100.81660507 -100.52218117
1.80000 7.10
1030 -100.81655420 -100.52217055
1.80000 7.90
1032 -100.81652552 -100.52216120
1.80000 8.70
1034 -100.81650913 -100.52215489
1.80000 9.50
1036 -100.81649921 -100.52215071
1.80000 10.3
1202 -100.52823748 -100.22057937
2.20000 1.10000
1204 -100.75356233 -100.44150369
2.20000 1.30000
1206 -100.84480311 -100.52756805
2.20000 1.50000
1208 -100.87348376 -100.55060552
2.20000 1.70000
1210 -100.85989272 -100.52467450
2.20000 2.10
1212 -100.82445172 -100.47454911
2.20000 2.50
1214 -100.79645822 -100.46642386
2.20000 2.90
1216 -100.78505903 -100.47275388
2.20000 3.30
1218 -100.78209495 -100.47672440
2.20000 3.70
1220 -100.78152521 -100.47967329  
2.20000 4.30
1222 -100.78170423 -100.48130130
2.20000 4.90
1224 -100.78184888 -100.48173326
2.20000 5.50
1226 -100.78178580 -100.48186744
2.20000 6.30
1228 -100.78170290 -100.48187528
2.20000 7.10
1230 -100.78164796 -100.48186282
2.20000 7.90
1232 -100.78161637 -100.48185152
2.20000 8.70
1234 -100.78159825 -100.48184379
2.20000 9.50
1236 -100.78158725 -100.48183862
2.20000 10.3
1402 -100.54402028 -100.23862553
2.60000 1.10000
1404 -100.76678723 -100.45718166
2.60000 1.30000
1406 -100.85532801 -100.54081008
2.60000 1.50000
1408 -100.88109877 -100.56128596
2.60000 1.70000
1410 -100.86094597 -100.52990482
2.60000 2.10
1412 -100.81730632 -100.47391819
2.60000 2.50
1414 -100.77793335 -100.42580619
2.60000 2.90
1416 -100.75642322 -100.43076776
2.60000 3.30
1418 -100.74935437 -100.43440544
2.60000 3.70
1420 -100.74745731 -100.43730932
2.60000 4.30
1422 -100.74733798 -100.43907203
2.60000 4.90
1424 -100.74751588 -100.43951991
2.60000 5.50
1426 -100.74746840 -100.43966672
2.60000 6.30
1428 -100.74738801 -100.43967736
2.60000 7.10
1430 -100.74733231 -100.43966415
2.60000 7.90
1432 -100.74729944 -100.43965080
2.60000 8.70
1434 -100.74728052 -100.43964222
2.60000 9.50
1436 -100.74726903 -100.43963628
2.60000 10.3
1602 -100.55143155 -100.24746444
3.00000 1.10000
1604 -100.77299041 -100.46490030
3.00000 1.30000
1606 -100.86022999 -100.54734666
3.00000 1.50000
1608 -100.88457171 -100.56654732
3.00000 1.70000
1610 -100.86115166 -100.53235995
3.00000 2.10
1612 -100.81346174 -100.47334648
3.00000 2.50
1614 -100.76977312 -100.41672924
3.00000 2.90
1616 -100.73690720 -100.39199174
3.00000 3.30
1618 -100.72339208 -100.39527943
3.00000 3.70
1620 -100.71937860 -100.39811463  
3.00000 4.30
1622 -100.71892942   -100.39938740
3.00000 4.90
1624 -100.71903499 -100.40042462
3.00000 5.50
1626 -100.71901553 -100.40058805
3.00000 6.30
1628 -100.71894289 -100.40060357
3.00000 7.10
1630 -100.71888976 -100.40059088
3.00000 7.90
1632 -100.71885794 -100.40057755
3.00000 8.70
1634 -100.71883919 -100.40056786
3.00000 9.50
1636 -100.71882855 -100.40056121
3.00000 10.3
1802 -100.55566441 -100.25292942
3.60000 1.10000
1804 -100.77651240 -100.46969514
3.60000 1.30000
1806 -100.86295690 -100.55140963
3.60000 1.50000
1808 -100.88640418 -100.56979539
3.60000 1.70000
1810 -100.86092749 -100.53374110
3.60000 2.10
1812 -100.81083102 -100.47262699
3.60000 2.50
1814 -100.76394294 -100.41377943
3.60000 2.90
1816 -100.72771761 -100.36335065
3.60000 3.30
1818 -100.70078626 -100.34528811
3.60000 3.70
1820 -100.69096421 -100.34798867
3.60000 4.30
1822 -100.68987397 -100.34928601
3.60000 4.90
1824 -100.68970808 -100.35036485
3.60000 5.50
1826 -100.68973908 -100.35055972
3.60000 6.30
1828 -100.68968425 -100.35058625
3.60000 7.10
1830 -100.68963833 -100.35057636
3.60000 7.90
1832 -100.68960979 -100.35056328
3.60000 8.70
1834 -100.68959332 -100.35055311
3.60000 9.50
1836 -100.68958313 -100.35054594
3.60000 10.3
 2002  -100.556774870000       -100.254676130000
   4.20   1.10
 2004  -100.777400760000       -100.471227680000
   4.20   1.30
 2006  -100.863583570000       -100.552697150000
   4.20   1.50
 2008  -100.886726990000       -100.570800100000
   4.20   1.70
2010 -100.86054852 -100.53407082
4.20000 2.10
2012 -100.80969408 -100.47216357
4.20000 2.50
2014 -100.76201265 -100.41244654
4.20000 2.90
2016 -100.72470131 -100.36111296
4.20000 3.30
2018 -100.69968525 -100.31862892
4.20000 3.70
 2202  -100.556970970000       -100.255196180000
   4.80   1.10
 2204  -100.777525330000       -100.471677840000
   4.80   1.30
 2206  -100.863618180000       -100.553063670000
   4.80   1.50
 2208  -100.886654660000       -100.571067270000
   4.80   1.70
2210 -100.86022921 -100.53409380
4.80000 2.10
2212 -100.80912705 -100.47189246
4.80000 2.50
2214 -100.76124611 -100.41184739
4.80000 2.90
2216 -100.72379278 -100.36016881
4.80000 3.30
2218 -100.69856330 -100.31733984
4.80000 3.70
 2402  -100.556943560000       -100.255334240000
   5.40   1.10
 2404  -100.777473550000       -100.471791470000
   5.40   1.30
 2406  -100.863533740000       -100.553147050000
   5.40   1.50
 2408  -100.886530740000       -100.571114140000
   5.40   1.70
2410 -100.86001335 -100.53404966
5.40000 2.10
2412 -100.80882313 -100.47173808
5.40000 2.50
2414 -100.76088702 -100.41156953
5.40000 2.90
2416 -100.72343319 -100.35976113
5.40000 3.30
2418 -100.69823877 -100.31680322
5.40000 3.70
 2602  -100.556876670000       -100.255362690000
   6.10   1.10
 2604  -100.777395940000       -100.471809740000
   6.10   1.30
 2606  -100.863441280000       -100.553152160000
   6.10   1.50
 2608  -100.886420290000       -100.571103220000
   6.10   1.70
2610 -100.85986253 -100.53399913
6.10000 2.10
2612 -100.80863500 -100.47164016
6.10000 2.50
2614 -100.76067977 -100.41141885
6.10000 2.90
2616 -100.72323939 -100.35955557
6.10000 3.30
2618 -100.69808053 -100.31654406
6.10000 3.70
 2802  -100.556823280000       -100.255358790000
   6.90   1.10
 2804  -100.777337800000       -100.471801590000
   6.90   1.30
 2806  -100.863376260000       -100.553138420000
   6.90   1.50
 2808  -100.886346950000       -100.571082660000
   6.90   1.70
2810 -100.85977171 -100.53396217
6.90000 2.10
2812 -100.80852847 -100.47158396
6.90000 2.50
2814 -100.76056592 -100.41134154
6.90000 2.90
2816 -100.72313136 -100.35945687
6.90000 3.30
2818 -100.69799527 -100.31642511
6.90000 3.70
 3002  -100.556794000000       -100.255352060000
   7.70   1.10
 3004  -100.777306530000       -100.471793000000
   7.70   1.30
 3006  -100.863342160000       -100.553127510000
   7.70   1.50
 3008  -100.886309300000       -100.571069040000
   7.70   1.70
3010 -100.85972601 -100.53394196
7.70000 2.10
3012 -100.80847619 -100.47155622
7.70000 2.50
3014 -100.76051060 -100.41130577
7.70000 2.90
3016 -100.72307862 -100.35941322
7.70000 3.30
3018 -100.69794624 -100.31637420
7.70000 3.70
 3202  -100.556778710000       -100.255347650000
   8.50   1.10
 3204  -100.777290210000       -100.471787710000
   8.50   1.30
 3206  -100.863324470000       -100.553121130000
   8.50   1.50
 3208  -100.886289870000       -100.571061370000
   8.50   1.70
3210 -100.85970257 -100.53393115
8.50000 2.10
3212 -100.80844956 -100.47154201
8.50000 2.50
3214 -100.76048242 -100.41128800
8.50000 2.90
3216 -100.72305137 -100.35939199
8.50000 3.30
3218 -100.69792276 -100.31634979
8.50000 3.70
 3402  -100.556770770000       -100.255345180000
   9.30   1.10
 3404  -100.777281650000       -100.471784810000
   9.30   1.30
 3406  -100.863315110000       -100.553117630000
   9.30   1.50
 3408  -100.886279520000       -100.571057150000
   9.30   1.70
3410 -100.85969023 -100.53392532
9.30000 2.10
3412 -100.80843551 -100.47153450
9.30000 2.50
3414 -100.76046726 -100.41127869
9.30000 2.90
3416 -100.72303686 -100.35938090
9.30000 3.30
3418 -100.69790946 -100.31633703
9.30000 3.70
 3602  -100.556766380000       -100.255343810000
  10.10   1.10
 3604  -100.777276880000       -100.471783170000
  10.10   1.30
 3606  -100.863309830000       -100.553115620000
  10.10   1.50
 3608  -100.886273700000       -100.571054730000
  10.10   1.70
3610 -100.85968333 -100.53392207
10.1000 2.10
3612 -100.80842768 -100.47153033
10.1000 2.50
3614 -100.76045850 -100.41127351
10.1000 2.90
3616 -100.72302864 -100.35937471
10.1000 3.30
3618 -100.69790142 -100.31632985
10.1000 3.70
 3802  -100.556763780000       -100.255343010000
  10.90   1.10
 3804  -100.777274020000       -100.471782160000
  10.90   1.30
 3806  -100.863306650000       -100.553114390000
  10.90   1.50
 3808  -100.886270220000       -100.571053290000
  10.90   1.70
3810 -100.85967921 -100.53392018
10.9000 2.10
3812 -100.80842305 -100.47152791
10.9000 2.50
3814 -100.76045398 -100.41127047
10.9000 2.90
3816 -100.72302381 -100.35937104
10.9000 3.30
3818 -100.69789935 -100.31632556
10.9000 3.70
 4002  -100.556762170000       -100.255342510000
  11.70   1.10
 4004  -100.777272230000       -100.471781520000
  11.70   1.30
 4006  -100.863304680000       -100.553113620000
  11.70   1.50
 4008  -100.886268020000       -100.571052400000
  11.70   1.70
4010 -100.85967669 -100.53391904
11.7000 2.10
4012 -100.80842023 -100.47152643
11.7000 2.50
4014 -100.76045098 -100.41126861
11.7000 2.90
4016 -100.72302084 -100.35936878
11.7000 3.30
4018 -100.69789492 -100.31632290
11.7000 3.70
