 0201  -90.7695798500000       -90.4759885400000     
   0.80   0.00
 0203   12345.0000000000        12345.0000000000     
   0.80   0.20
 0205   12345.0000000000        12345.0000000000     
   0.80   0.40
 0207  -96.7695798500000       -96.4759885400000     
   0.80   0.60
 0209  -98.6853960800000       -98.3884198600000     
   0.80   0.80
 0211  -99.6310040400000       -99.3279805400000     
   0.80   1.00
 0213  -100.085180070000       -99.7736133200000     
   0.80   1.20
 0215  -100.305530240000       -99.9824368500000     
   0.80   1.40
 0217  -100.427943900000       -100.093188800000     
   0.80   1.60
 0219  -100.511168600000       -100.171806010000     
   0.80   1.80
 0221  -100.569268430000       -100.231377700000     
   0.80   2.00
 0223  -100.607837670000       -100.275467550000     
   0.80   2.20
 0225  -100.632811460000       -100.308546150000     
   0.80   2.40
 0227  -100.649076520000       -100.333277930000     
   0.80   2.60
 0229  -100.659896410000       -100.351353160000     
   0.80   2.80
 0231  -100.667234320000       -100.364247310000     
   0.80   3.00
 0233  -100.675652210000       -100.379471110000     
   0.80   3.40
 0235  -100.679424920000       -100.386527820000     
   0.80   3.80
 0237  -100.680963660000       -100.389666660000     
   0.80   4.20
 0239  -100.681497630000       -100.391015700000     
   0.80   4.60
 0241  -100.681622290000       -100.391576210000     
   0.80   5.00
 0243  -100.681602250000       -100.391800080000     
   0.80   5.40
 0245  -100.681544490000       -100.391884300000     
   0.80   5.80
 0247  -100.681462580000       -100.391917510000     
   0.80   6.40
 0249  -100.681393200000       -100.391917820000     
   0.80   7.20
 0251  -100.681357250000       -100.391912130000     
   0.80   8.00
 0253  -100.681338930000       -100.391907940000     
   0.80   8.80
 0255  -100.681329090000       -100.391905350000     
   0.80   9.60
 0257  -100.681323500000       -100.391903720000     
   0.80  10.40
 0259  -100.681320160000       -100.391902670000     
   0.80  11.20
 0261  -100.681317890000       -100.391901990000     
   0.80  12.00
 0263  -100.681316600000       -100.391901550000     
   0.80  12.80
 0265  -100.681316000000       -100.391901250000     
   0.80  13.60
 0267  -100.681315220000       -100.391901040000     
   0.80  14.40
 0269  -100.681314840000       -100.391900900000     
   0.80  15.20
 0401  -91.7273100700000       -91.4338316900000     
   1.00   0.00
 0403   12345.0000000000        12345.0000000000     
   1.00   0.20
 0405   12345.0000000000        12345.0000000000     
   1.00   0.40
 0407  -97.7273100700000       -97.4338316900000     
   1.00   0.60
 0409  -99.1492295400000       -98.8516607400000     
   1.00   0.80
 0411  -99.9032140300000       -99.5991518600000     
   1.00   1.00
 0413  -100.282608720000       -99.9699037000000     
   1.00   1.20
 0415  -100.471902150000       -100.148324030000     
   1.00   1.40
 0417  -100.576623260000       -100.242161560000     
   1.00   1.60
 0419  -100.646114180000       -100.305940230000     
   1.00   1.80
 0421  -100.694456360000       -100.353977020000     
   1.00   2.00
 0423  -100.726526650000       -100.389937770000     
   1.00   2.20
 0425  -100.747027060000       -100.417769700000     
   1.00   2.40
 0427  -100.760089690000       -100.439544340000     
   1.00   2.60
 0429  -100.768621160000       -100.456127240000     
   1.00   2.80
 0431  -100.774386630000       -100.468353200000     
   1.00   3.00
 0433  -100.781147480000       -100.483316620000     
   1.00   3.40
 0435  -100.784328440000       -100.490537000000     
   1.00   3.80
 0437  -100.785675710000       -100.493855850000     
   1.00   4.20
 0439  -100.786144980000       -100.495322960000     
   1.00   4.60
 0441  -100.786240170000       -100.495947250000     
   1.00   5.00
 0443  -100.786200810000       -100.496201150000     
   1.00   5.40
 0445  -100.786127720000       -100.496297420000     
   1.00   5.80
 0447  -100.786028640000       -100.496334400000     
   1.00   6.40
 0449  -100.785945060000       -100.496332310000     
   1.00   7.20
 0451  -100.785901470000       -100.496323750000     
   1.00   8.00
 0453  -100.785879080000       -100.496317640000     
   1.00   8.80
 0455  -100.785867020000       -100.496313860000     
   1.00   9.60
 0457  -100.785860160000       -100.496311500000     
   1.00  10.40
 0459  -100.785856050000       -100.496309990000     
   1.00  11.20
 0461  -100.785853290000       -100.496309000000     
   1.00  12.00
 0463  -100.785851690000       -100.496308350000     
   1.00  12.80
 0465  -100.785850880000       -100.496307910000     
   1.00  13.60
 0467  -100.785849960000       -100.496307610000     
   1.00  14.40
 0469  -100.785849480000       -100.496307390000     
   1.00  15.20
 0601  -92.9489334400000       -92.6567270600000     
   1.20   0.00
 0603   12345.0000000000        12345.0000000000     
   1.20   0.20
 0605  -96.9489334400000       -96.6567270600000     
   1.20   0.40
 0607  -98.5175655800000       -98.2237613900000     
   1.20   0.60
 0609  -99.5388618800000       -99.2405006200000     
   1.20   0.80
 0611  -100.117121510000       -99.8119028600000     
   1.20   1.00
 0613  -100.420918240000       -100.106927510000     
   1.20   1.20
 0615  -100.576410280000       -100.251972020000     
   1.20   1.40
 0617  -100.662452420000       -100.327765010000     
   1.20   1.60
 0619  -100.718470420000       -100.377505090000     
   1.20   1.80
 0621  -100.757133790000       -100.414490260000     
   1.20   2.00
 0623  -100.782591580000       -100.442214310000     
   1.20   2.20
 0625  -100.798473370000       -100.464273010000     
   1.20   2.40
 0627  -100.808177540000       -100.482548880000     
   1.20   2.60
 0629  -100.814231340000       -100.497233000000     
   1.20   2.80
 0631  -100.818212280000       -100.508505180000     
   1.20   3.00
 0633  -100.822943170000       -100.522879390000     
   1.20   3.40
 0635  -100.825310660000       -100.530119150000     
   1.20   3.80
 0637  -100.826361880000       -100.533560400000     
   1.20   4.20
 0639  -100.826721990000       -100.535125270000     
   1.20   4.60
 0641  -100.826770080000       -100.535807480000     
   1.20   5.00
 0643  -100.826704270000       -100.536090330000     
   1.20   5.40
 0645  -100.826612940000       -100.536198850000     
   1.20   5.80
 0647  -100.826494890000       -100.536239900000     
   1.20   6.40
 0649  -100.826396350000       -100.536235330000     
   1.20   7.20
 0651  -100.826344590000       -100.536223610000     
   1.20   8.00
 0653  -100.826317840000       -100.536215330000     
   1.20   8.80
 0655  -100.826303380000       -100.536210200000     
   1.20   9.60
 0657  -100.826295120000       -100.536207000000     
   1.20  10.40
 0659  -100.826289930000       -100.536204940000     
   1.20  11.20
 0661  -100.826286820000       -100.536203540000     
   1.20  12.00
 0663  -100.826284950000       -100.536202730000     
   1.20  12.80
 0665  -100.826283690000       -100.536202130000     
   1.20  13.60
 0667  -100.826282840000       -100.536201710000     
   1.20  14.40
 0669  -100.826282260000       -100.536201410000     
   1.20  15.20
 0801  -96.5818132900000       -96.2873278000000     
   1.40   0.00
 0803   12345.0000000000        12345.0000000000     
   1.40   0.20
 0805  -98.1246458300000       -97.8318687000000     
   1.40   0.40
 0807  -99.1437936300000       -98.8490486600000     
   1.40   0.60
 0809  -99.8612566000000       -99.5617104400000     
   1.40   0.80
 0811  -100.291444020000       -99.9848177100000     
   1.40   1.00
 0813  -100.526142410000       -100.210659570000     
   1.40   1.20
 0815  -100.648801930000       -100.323174970000     
   1.40   1.40
 0817  -100.716638840000       -100.381267260000     
   1.40   1.60
 0819  -100.759992360000       -100.418098350000     
   1.40   1.80
 0821  -100.789474300000       -100.444930560000     
   1.40   2.00
 0823  -100.808505580000       -100.464801370000     
   1.40   2.20
 0825  -100.819822730000       -100.480919300000     
   1.40   2.40
 0827  -100.826164710000       -100.495327080000     
   1.40   2.60
 0829  -100.829688110000       -100.507800940000     
   1.40   2.80
 0831  -100.831781500000       -100.517888040000     
   1.40   3.00
 0833  -100.834228990000       -100.531387440000     
   1.40   3.40
 0835  -100.835600180000       -100.538509290000     
   1.40   3.80
 0837  -100.836259270000       -100.542012910000     
   1.40   4.20
 0839  -100.836466740000       -100.543651960000     
   1.40   4.60
 0841  -100.836449440000       -100.544384060000     
   1.40   5.00
 0843  -100.836349690000       -100.544693750000     
   1.40   5.40
 0845  -100.836237760000       -100.544814190000     
   1.40   5.80
 0847  -100.836099670000       -100.544859540000     
   1.40   6.40
 0849  -100.835985290000       -100.544852540000     
   1.40   7.20
 0851  -100.835925080000       -100.544837500000     
   1.40   8.00
 0853  -100.835893860000       -100.544826900000     
   1.40   8.80
 0855  -100.835876900000       -100.544820300000     
   1.40   9.60
 0857  -100.835867200000       -100.544816150000     
   1.40  10.40
 0859  -100.835861390000       -100.544813510000     
   1.40  11.20
 0861  -100.835857510000       -100.544811790000     
   1.40  12.00
 0863  -100.835855490000       -100.544810640000     
   1.40  12.80
 0865  -100.835853720000       -100.544809870000     
   1.40  13.60
 0867  -100.835852710000       -100.544809320000     
   1.40  14.40
 0869  -100.835852020000       -100.544808940000     
   1.40  15.20
 1001  -98.9847628600000       -98.6884893500000     
   1.80   0.00
 1003  -99.1528067900000       -98.8568350300000     
   1.80   0.20
 1005  -99.5508880200000       -99.2547221200000     
   1.80   0.40
 1007  -99.9819776700000       -99.6834681600000     
   1.80   0.60
 1009  -100.322021330000       -100.018596030000     
   1.80   0.80
 1011  -100.544468040000       -100.233909450000     
   1.80   1.00
 1013  -100.672611570000       -100.353290000000     
   1.80   1.20
 1015  -100.740937800000       -100.412017120000     
   1.80   1.40
 1017  -100.777846830000       -100.439993480000     
   1.80   1.60
 1019  -100.799926600000       -100.455533640000     
   1.80   1.80
 1021  -100.813695450000       -100.465568440000     
   1.80   2.00
 1023  -100.821321540000       -100.472007290000     
   1.80   2.20
 1025  -100.824296640000       -100.477012850000     
   1.80   2.40
 1027  -100.824333950000       -100.483260180000     
   1.80   2.60
 1029  -100.823017520000       -100.490765480000     
   1.80   2.80
 1031  -100.821382170000       -100.498032430000     
   1.80   3.00
 1033  -100.819003050000       -100.509154900000     
   1.80   3.40
 1035  -100.818052140000       -100.515694560000     
   1.80   3.80
 1037  -100.817720690000       -100.519153070000     
   1.80   4.20
 1039  -100.817519380000       -100.520865830000     
   1.80   4.60
 1041  -100.817325620000       -100.521668490000     
   1.80   5.00
 1043  -100.817140330000       -100.522022140000     
   1.80   5.40
 1045  -100.816979910000       -100.522164200000     
   1.80   5.80
 1047  -100.816799160000       -100.522218380000     
   1.80   6.40
 1049  -100.816653830000       -100.522207130000     
   1.80   7.20
 1051  -100.816577210000       -100.522185440000     
   1.80   8.00
 1053  -100.816537060000       -100.522169920000     
   1.80   8.80
 1055  -100.816514730000       -100.522160110000     
   1.80   9.60
 1057  -100.816502070000       -100.522153940000     
   1.80  10.40
 1059  -100.816494500000       -100.522150000000     
   1.80  11.20
 1061  -100.816490220000       -100.522147430000     
   1.80  12.00
 1063  -100.816487320000       -100.522145720000     
   1.80  12.80
 1065  -100.816485340000       -100.522144540000     
   1.80  13.60
 1067  -100.816484000000       -100.522143720000     
   1.80  14.40
 1069  -100.816483070000       -100.522143140000     
   1.80  15.20
 1201  -100.021940790000       -99.7208442300000     
   2.20   0.00
 1203  -100.086348990000       -99.7851851800000     
   2.20   0.20
 1205  -100.245775850000       -99.9438086500000     
   2.20   0.40
 1207  -100.430673290000       -100.126109630000     
   2.20   0.60
 1209  -100.586909530000       -100.277523210000     
   2.20   0.80
 1211  -100.694413500000       -100.378171070000     
   2.20   1.00
 1213  -100.757528830000       -100.432971900000     
   2.20   1.20
 1215  -100.790194240000       -100.456777760000     
   2.20   1.40
 1217  -100.805893090000       -100.464375120000     
   2.20   1.60
 1219  -100.813107800000       -100.465344980000     
   2.20   1.80
 1221  -100.815516070000       -100.463569420000     
   2.20   2.00
 1223  -100.814484110000       -100.460193490000     
   2.20   2.20
 1225  -100.810868680000       -100.456450210000     
   2.20   2.40
 1227  -100.805662070000       -100.455003330000     
   2.20   2.60
 1229  -100.800186280000       -100.457372220000     
   2.20   2.80
 1231  -100.795276770000       -100.461611710000     
   2.20   3.00
 1233  -100.788413370000       -100.469929860000     
   2.20   3.40
 1235  -100.785117020000       -100.475570080000     
   2.20   3.80
 1237  -100.783717230000       -100.478799050000     
   2.20   4.20
 1239  -100.783053720000       -100.480492960000     
   2.20   4.60
 1241  -100.782656710000       -100.481325060000     
   2.20   5.00
 1243  -100.782376560000       -100.481706750000     
   2.20   5.40
 1245  -100.782166230000       -100.481865480000     
   2.20   5.80
 1247  -100.781945550000       -100.481927880000     
   2.20   6.40
 1249  -100.781772290000       -100.481913510000     
   2.20   7.20
 1251  -100.781681710000       -100.481885690000     
   2.20   8.00
 1253  -100.781634260000       -100.481865310000     
   2.20   8.80
 1255  -100.781607890000       -100.481852250000     
   2.20   9.60
 1257  -100.781592820000       -100.481843980000     
   2.20  10.40
 1259  -100.781583860000       -100.481838680000     
   2.20  11.20
 1261  -100.781578200000       -100.481835210000     
   2.20  12.00
 1263  -100.781574560000       -100.481832880000     
   2.20  12.80
 1265  -100.781572160000       -100.481831290000     
   2.20  13.60
 1267  -100.781570530000       -100.481830170000     
   2.20  14.40
 1269  -100.781569400000       -100.481829380000     
   2.20  15.20
 1401  -100.478148100000       -100.169797380000     
   2.60   0.00
 1403  -100.504600320000       -100.195950640000     
   2.60   0.20
 1405  -100.571679600000       -100.261788820000     
   2.60   0.40
 1407  -100.652380750000       -100.339705850000     
   2.60   0.60
 1409  -100.722923750000       -100.405597700000     
   2.60   0.80
 1411  -100.772104750000       -100.448413720000     
   2.60   1.00
 1413  -100.799984550000       -100.468771500000     
   2.60   1.20
 1415  -100.812268240000       -100.473248280000     
   2.60   1.40
 1417  -100.815254540000       -100.469123090000     
   2.60   1.60
 1419  -100.813229080000       -100.461326970000     
   2.60   1.80
 1421  -100.808317530000       -100.452084480000     
   2.60   2.00
 1423  -100.801479300000       -100.442216320000     
   2.60   2.20
 1425  -100.793314920000       -100.432463600000     
   2.60   2.40
 1427  -100.784310630000       -100.424736620000     
   2.60   2.60
 1429  -100.775560130000       -100.422263740000     
   2.60   2.80
 1431  -100.768099250000       -100.423664750000     
   2.60   3.00
 1433  -100.757651850000       -100.429201600000     
   2.60   3.40
 1435  -100.752427170000       -100.433805590000     
   2.60   3.80
 1437  -100.750140890000       -100.436686400000     
   2.60   4.20
 1439  -100.749091200000       -100.438289110000     
   2.60   4.60
 1441  -100.748523920000       -100.439113460000     
   2.60   5.00
 1443  -100.748165070000       -100.439506560000     
   2.60   5.40
 1445  -100.747915540000       -100.439675780000     
   2.60   5.80
 1447  -100.747665780000       -100.439744850000     
   2.60   6.40
 1449  -100.747475610000       -100.439728540000     
   2.60   7.20
 1451  -100.747375230000       -100.439695620000     
   2.60   8.00
 1453  -100.747322630000       -100.439670830000     
   2.60   8.80
 1455  -100.747293810000       -100.439654690000     
   2.60   9.60
 1457  -100.747276910000       -100.439644390000     
   2.60  10.40
 1459  -100.747266500000       -100.439637740000     
   2.60  11.20
 1461  -100.747260190000       -100.439633380000     
   2.60  12.00
 1463  -100.747256130000       -100.439630450000     
   2.60  12.80
 1465  -100.747253440000       -100.439628440000     
   2.60  13.60
 1467  -100.747251940000       -100.439627030000     
   2.60  14.40
 1469  -100.747250620000       -100.439626020000     
   2.60  15.20
 1601  -100.677865210000       -100.359695610000     
   3.00   0.00
 1603  -100.689274990000       -100.370686330000     
   3.00   0.20
 1605  -100.718512160000       -100.398506730000     
   3.00   0.40
 1607  -100.754157200000       -100.431415400000     
   3.00   0.60
 1609  -100.785355630000       -100.458389800000     
   3.00   0.80
 1611  -100.806257770000       -100.473753560000     
   3.00   1.00
 1613  -100.816219470000       -100.477355050000     
   3.00   1.20
 1615  -100.817617070000       -100.472234420000     
   3.00   1.40
 1617  -100.813474100000       -100.462029350000     
   3.00   1.60
 1619  -100.806103160000       -100.449415310000     
   3.00   1.80
 1621  -100.796876210000       -100.435850310000     
   3.00   2.00
 1623  -100.786564680000       -100.422055630000     
   3.00   2.20
 1625  -100.775680180000       -100.408576000000     
   3.00   2.40
 1627  -100.764480350000       -100.396458550000     
   3.00   2.60
 1629  -100.753295480000       -100.389573360000     
   3.00   2.80
 1631  -100.744100140000       -100.388604370000     
   3.00   3.00
 1633  -100.731281550000       -100.391730910000     
   3.00   3.40
 1635  -100.724843180000       -100.395316450000     
   3.00   3.80
 1637  -100.722055450000       -100.397795960000     
   3.00   4.20
 1639  -100.720804720000       -100.399260320000     
   3.00   4.60
 1641  -100.720155220000       -100.400047950000     
   3.00   5.00
 1643  -100.719760510000       -100.400437710000     
   3.00   5.40
 1645  -100.719495650000       -100.400611170000     
   3.00   5.80
 1647  -100.719236280000       -100.400684810000     
   3.00   6.40
 1649  -100.719040880000       -100.400667680000     
   3.00   7.20
 1651  -100.718938590000       -100.400630920000     
   3.00   8.00
 1653  -100.718884460000       -100.400602480000     
   3.00   8.80
 1655  -100.718854860000       -100.400583630000     
   3.00   9.60
 1657  -100.718837890000       -100.400571480000     
   3.00  10.40
 1659  -100.718827240000       -100.400563600000     
   3.00  11.20
 1661  -100.718820770000       -100.400558400000     
   3.00  12.00
 1663  -100.718816590000       -100.400554910000     
   3.00  12.80
 1665  -100.718813810000       -100.400552510000     
   3.00  13.60
 1667  -100.718811920000       -100.400550820000     
   3.00  14.40
 1669  -100.718810270000       -100.400549610000     
   3.00  15.20
 1801  -100.790690110000       -100.455630270000     
   3.60   0.00
 1803  -100.793668860000       -100.458225140000     
   3.60   0.20
 1805  -100.801205650000       -100.464556590000     
   3.60   0.40
 1807  -100.809968870000       -100.471180490000     
   3.60   0.60
 1809  -100.816520260000       -100.474616390000     
   3.60   0.80
 1811  -100.818740280000       -100.472861260000     
   3.60   1.00
 1813  -100.816176220000       -100.465723190000     
   3.60   1.20
 1815  -100.809555100000       -100.454249100000     
   3.60   1.40
 1817  -100.800052710000       -100.439906140000     
   3.60   1.60
 1819  -100.788771200000       -100.424003080000     
   3.60   1.80
 1821  -100.776549600000       -100.407481090000     
   3.60   2.00
 1823  -100.763989710000       -100.390954490000     
   3.60   2.20
 1825  -100.751548010000       -100.374840580000     
   3.60   2.40
 1827  -100.739560510000       -100.359523290000     
   3.60   2.60
 1829  -100.726253590000       -100.346629200000     
   3.60   2.80
 1831  -100.715789670000       -100.343310870000     
   3.60   3.00
 1833  -100.701909650000       -100.343952910000     
   3.60   3.40
 1835  -100.695234530000       -100.346265930000     
   3.60   3.80
 1837  -100.692539480000       -100.348155560000     
   3.60   4.20
 1839  -100.691384300000       -100.349375020000     
   3.60   4.60
 1841  -100.690794440000       -100.350073980000     
   3.60   5.00
 1843  -100.690435840000       -100.350438310000     
   3.60   5.40
 1845  -100.690193740000       -100.350608300000     
   3.60   5.80
 1847  -100.689958230000       -100.350684870000     
   3.60   6.40
 1849  -100.689778990000       -100.350668330000     
   3.60   7.20
 1851  -100.689685470000       -100.350628420000     
   3.60   8.00
 1853  -100.689635900000       -100.350596180000     
   3.60   8.80
 1855  -100.689608310000       -100.350574220000     
   3.60   9.60
 1857  -100.689592350000       -100.350559850000     
   3.60  10.40
 1859  -100.689582750000       -100.350550430000     
   3.60  11.20
 1861  -100.689577220000       -100.350544190000     
   3.60  12.00
 1863  -100.689573730000       -100.350539980000     
   3.60  12.80
 1865  -100.689571360000       -100.350537080000     
   3.60  13.60
 1867  -100.689569690000       -100.350535030000     
   3.60  14.40
 1869  -100.689568480000       -100.350533550000     
   3.60  15.20
 2001  -100.819414240000       -100.471343370000     
   4.20   0.00
 2003  -100.819561740000       -100.471115650000     
   4.20   0.20
 2005  -100.819629520000       -100.470059290000     
   4.20   0.40
 2007  -100.818710280000       -100.467278920000     
   4.20   0.60
 2009  -100.815853630000       -100.461860360000     
   4.20   0.80
 2011  -100.810489860000       -100.453311820000     
   4.20   1.00
 2013  -100.802583990000       -100.441720570000     
   4.20   1.20
 2015  -100.792534710000       -100.427634130000     
   4.20   1.40
 2017  -100.780955240000       -100.411815880000     
   4.20   1.60
 2019  -100.768486440000       -100.395025290000     
   4.20   1.80
 2021  -100.755696360000       -100.377893480000     
   4.20   2.00
 2023  -100.743064570000       -100.360889440000     
   4.20   2.20
 2025  -100.731014630000       -100.344338920000     
   4.20   2.40
 2027  -100.719975280000       -100.328462590000     
   4.20   2.60
 2029   3.47060000000000       -100.710421450000     
   4.20   2.80
 2031  -100.695793920000       -100.306225330000     
   4.20   3.00
 2033  -100.683449710000       -100.305819160000     
   4.20   3.40
 2035  -100.678132250000       -100.307280970000     
   4.20   3.80
 2037  -100.676174910000       -100.308683170000     
   4.20   4.20
 2039  -100.675351560000       -100.309663260000     
   4.20   4.60
 2041  -100.674914990000       -100.310257910000     
   4.20   5.00
 2043  -100.674633680000       -100.310582790000     
   4.20   5.40
 2045  -100.674436260000       -100.310741170000     
   4.20   5.80
 2047  -100.674238740000       -100.310816880000     
   4.20   6.40
 2049  -100.674087930000       -100.310802610000     
   4.20   7.20
 2051  -100.674008720000       -100.310762350000     
   4.20   8.00
 2053  -100.673966580000       -100.310728430000     
   4.20   8.80
 2055  -100.673943330000       -100.310704710000     
   4.20   9.60
 2057  -100.673929910000       -100.310688920000     
   4.20  10.40
 2059  -100.673922010000       -100.310678470000     
   4.20  11.20
 2061  -100.673916950000       -100.310671500000     
   4.20  12.00
 2063  -100.673913670000       -100.310666790000     
   4.20  12.80
 2065  -100.673911500000       -100.310663530000     
   4.20  13.60
 2067  -100.673910030000       -100.310661220000     
   4.20  14.40
 2069  -100.673909020000       -100.310659540000     
   4.20  15.20
 2201  -100.811731750000       -100.453130330000     
   4.80   0.00
 2203  -100.811010900000       -100.452045800000     
   4.80   0.20
 2205  -100.808766330000       -100.448724650000     
   4.80   0.40
 2207  -100.804810090000       -100.443020670000     
   4.80   0.60
 2209  -100.798986340000       -100.434838130000     
   4.80   0.80
 2211  -100.791292730000       -100.424248240000     
   4.80   1.00
 2213  -100.781927220000       -100.411530160000     
   4.80   1.20
 2215  -100.771251840000       -100.397130270000     
   4.80   1.40
 2217  -100.759717960000       -100.381576000000     
   4.80   1.60
 2219  -100.747793600000       -100.365388340000     
   4.80   1.80
 2221  -100.735926090000       -100.349021180000     
   4.80   2.00
 2223  -100.724531550000       -100.332833870000     
   4.80   2.20
 2225  -100.714012930000       -100.317089100000     
   4.80   2.40
 2227   3.56820000000000       -100.704824560000     
   4.80   2.60
 2229   3.84590000000000       -100.697539170000     
   4.80   2.80
 2231   -100.69297548   -100.27396389  4.095400   -100.6821752
   4.80   3.00
 2233  -100.673010960000       -100.275757450000     
   4.80   3.40
 2235  -100.669632700000       -100.276741370000     
   4.80   3.80
 2237  -100.668415640000       -100.277786230000     
   4.80   4.20
 2239  -100.667861200000       -100.278561790000     
   4.80   4.60
 2241  -100.667532300000       -100.279054930000     
   4.80   5.00
 2243  -100.667304080000       -100.279335700000     
   4.80   5.40
 2245  -100.667137350000       -100.279478250000     
   4.80   5.80
 2247  -100.666966740000       -100.279550460000     
   4.80   6.40
 2249  -100.666835180000       -100.279539410000     
   4.80   7.20
 2251  -100.666766860000       -100.279501110000     
   4.80   8.00
 2253  -100.666730870000       -100.279467470000     
   4.80   8.80
 2255  -100.666711150000       -100.279443340000     
   4.80   9.60
 2257  -100.666699860000       -100.279426970000     
   4.80  10.40
 2259  -100.666693060000       -100.279416020000     
   4.80  11.20
 2261  -100.666688870000       -100.279408690000     
   4.80  12.00
 2263  -100.666686250000       -100.279403710000     
   4.80  12.80
 2265  -100.666684520000       -100.279400260000     
   4.80  13.60
 2267  -100.666683480000       -100.279397790000     
   4.80  14.40
 2269  -100.666682380000       -100.279395990000     
   4.80  15.20
 2401  -100.788457560000       -100.419775030000     
   5.40   0.00
 2403  -100.787576480000       -100.418554270000     
   5.40   0.20
 2405  -100.784935440000       -100.414907170000     
   5.40   0.40
 2407  -100.780555540000       -100.408892140000     
   5.40   0.60
 2409  -100.774515370000       -100.400639450000     
   5.40   0.80
 2411  -100.766980720000       -100.390373810000     
   5.40   1.00
 2413  -100.758214180000       -100.378413880000     
   5.40   1.20
 2415  -100.748552210000       -100.365146290000     
   5.40   1.40
 2417  -100.738373340000       -100.350984500000     
   5.40   1.60
 2419  -100.728072250000       -100.336327150000     
   5.40   1.80
 2421   3.16700000000000       -100.715329790000     
   5.40   2.00
 2423  -100.708615450000       -100.306870600000     
   5.40   2.20
 2425  -100.700178680000       -100.292579800000     
   5.40   2.40
 2427  -100.693006780000       -100.278810350000     
   5.40   2.60
 2429   4.03300000000000       -100.687136040000     
   5.40   2.80
 2431   4.21900000000000       -100.681905190000     
   5.40   3.00
 2433   4.50000000000000       -100.667741440000     
   5.40   3.40
 2435  -100.665876620000       -100.252929710000     
   5.40   3.80
 2437  -100.665111210000       -100.253727160000     
   5.40   4.20
 2439  -100.664694490000       -100.254339450000     
   5.40   4.60
 2441  -100.664413540000       -100.254742670000     
   5.40   5.00
 2443  -100.664208370000       -100.254980410000     
   5.40   5.40
 2445  -100.664055780000       -100.255105650000     
   5.40   5.80
 2447  -100.663898710000       -100.255172750000     
   5.40   6.40
 2449  -100.663778660000       -100.255165300000     
   5.40   7.20
 2451  -100.663716470000       -100.255130650000     
   5.40   8.00
 2453  -100.663684220000       -100.255098900000     
   5.40   8.80
 2455  -100.663667150000       -100.255075500000     
   5.40   9.60
 2457  -100.663656210000       -100.255059320000     
   5.40  10.40
 2459  -100.663651060000       -100.255048380000     
   5.40  11.20
 2461  -100.663647140000       -100.255041020000     
   5.40  12.00
 2463  -100.663644490000       -100.255036020000     
   5.40  12.80
 2465  -100.663643600000       -100.255032530000     
   5.40  13.60
 2467  -100.663642520000       -100.255030020000     
   5.40  14.40
 2469  -100.663641790000       -100.255028170000     
   5.40  15.20
 2601  -100.756051630000       -100.375046220000     
   6.10   0.00
 2603  -100.755281390000       -100.373964010000     
   6.10   0.20
 2605  -100.752994980000       -100.370750010000     
   6.10   0.40
 2607  -100.749269000000       -100.365502670000     
   6.10   0.60
 2609  -100.744236900000       -100.358386420000     
   6.10   0.80
 2611  -100.738092110000       -100.349627280000     
   6.10   1.00
 2613  -100.731079280000       -100.339501010000     
   6.10   1.20
 2615  -100.723486700000       -100.328314180000     
   6.10   1.40
 2617  -100.715625810000       -100.316381350000     
   6.10   1.60
 2619  -100.707808160000       -100.304003120000     
   6.10   1.80
 2621  -100.700324410000       -100.291448820000     
   6.10   2.00
 2623  -100.693396530000       -100.278945890000     
   6.10   2.20
 2625  -100.687099820000       -100.266675690000     
   6.10   2.40
 2627  -100.681244250000       -100.254774680000     
   6.10   2.60
 2629   4.27600000000000        12345.0000000000     
   6.10   2.80
 2631   -100.66732334   -100.23088568  4.36800      12345.000
   6.10   3.00
 2633   4.54800000000000       -100.661228450000     
   6.10   3.40
 2635  -100.664124400000       -100.231700080000     
   6.10   3.80
 2637  -100.663613400000       -100.232301180000     
   6.10   4.20
 2639  -100.663271340000       -100.232767570000     
   6.10   4.60
 2641  -100.663018710000       -100.233083110000     
   6.10   5.00
 2643  -100.662827930000       -100.233275450000     
   6.10   5.40
 2645  -100.662685730000       -100.233380710000     
   6.10   5.80
 2647  -100.662538980000       -100.233440670000     
   6.10   6.40
 2649  -100.662427980000       -100.233437430000     
   6.10   7.20
 2651  -100.662370980000       -100.233408280000     
   6.10   8.00
 2653  -100.662342320000       -100.233380100000     
   6.10   8.80
 2655  -100.662324920000       -100.233358610000     
   6.10   9.60
 2657  -100.662316140000       -100.233343410000     
   6.10  10.40
 2659  -100.662311030000       -100.233333030000     
   6.10  11.20
 2661  -100.662307000000       -100.233326010000     
   6.10  12.00
 2663  -100.662304770000       -100.233321220000     
   6.10  12.80
 2665  -100.662303490000       -100.233317850000     
   6.10  13.60
 2667  -100.662303030000       -100.233315410000     
   6.10  14.40
 2669  -100.662302330000       -100.233313590000     
   6.10  15.20
 2801  -100.722214960000       -100.325438860000     
   6.90   0.00
 2803  -100.721667830000       -100.324597250000     
   6.90   0.20
 2805  -100.720051980000       -100.322099770000     
   6.90   0.40
 2807  -100.717437540000       -100.318027050000     
   6.90   0.60
 2809  -100.713941190000       -100.312508460000     
   6.90   0.80
 2811  -100.709719840000       -100.305714460000     
   6.90   1.00
 2813  -100.704959430000       -100.297845920000     
   6.90   1.20
 2815  -100.699857740000       -100.289121340000     
   6.90   1.40
 2817  -100.694611590000       -100.279763430000     
   6.90   1.60
 2819  -100.689367250000       -100.269986700000     
   6.90   1.80
 2821  -100.684190880000       -100.259987450000     
   6.90   2.00
 2823  -100.679064600000       -100.249936970000     
   6.90   2.20
 2825   12345.0000000000        12345.0000000000     
   6.90   2.40
 2827   12345.0000000000        12345.0000000000     
   6.90   2.60
 2829   12345.0000000000        12345.0000000000     
   6.90   2.80
 2831   12345.0000000000        12345.0000000000     
   6.90   3.00
 2833   4.66100000000000        12345.0000000000     
   6.90   3.40
 2835   4.66700000000000        12345.0000000000     
   6.90   3.80
 2837   4.67300000000000        12345.0000000000     
   6.90   4.20
 2839   12345.0000000000        12345.0000000000     
   6.90   4.60
 2841   4.67900000000000        12345.0000000000     
   6.90   5.00
 2843   12345.0000000000        12345.0000000000     
   6.90   5.40
 2845   12345.0000000000        12345.0000000000     
   6.90   5.80
 2847   4.68800000000000        12345.0000000000     
   6.90   6.40
 2849   12345.0000000000        12345.0000000000     
   6.90   7.20
 2851   12345.0000000000        12345.0000000000     
   6.90   8.00
 2853   12345.0000000000        12345.0000000000     
   6.90   8.80
 2855   12345.0000000000        12345.0000000000     
   6.90   9.60
 2857   12345.0000000000        12345.0000000000     
   6.90  10.40
 2859   12345.0000000000        12345.0000000000     
   6.90  11.20
 2861   12345.0000000000        12345.0000000000     
   6.90  12.00
 2863   12345.0000000000        12345.0000000000     
   6.90  12.80
 2865   12345.0000000000        12345.0000000000     
   6.90  13.60
 2867   12345.0000000000        12345.0000000000     
   6.90  14.40
 2869   4.69500000000000        12345.0000000000     
   6.90  15.20
 3001  -100.696415500000       -100.281658560000     
   7.70   0.00
 3003  -100.696070810000       -100.281033130000     
   7.70   0.20
 3005  -100.695046030000       -100.279175760000     
   7.70   0.40
 3007  -100.693395190000       -100.276141960000     
   7.70   0.60
 3009   3.90500000000000       -100.673594770000     
   7.70   0.80
 3011  -100.688478800000       -100.266926990000     
   7.70   1.00
 3013  -100.685382130000       -100.260998420000     
   7.70   1.20
 3015  -100.681978750000       -100.254383460000     
   7.70   1.40
 3017  -100.678317010000       -100.247235120000     
   7.70   1.60
 3019   12345.0000000000        12345.0000000000     
   7.70   1.80
 3021   12345.0000000000        12345.0000000000     
   7.70   2.00
 3023   12345.0000000000        12345.0000000000     
   7.70   2.20
 3025   4.58400000000000        12345.0000000000     
   7.70   2.40
 3027   12345.0000000000        12345.0000000000     
   7.70   2.60
 3029   12345.0000000000        12345.0000000000     
   7.70   2.80
 3031   12345.0000000000        12345.0000000000     
   7.70   3.00
 3033   4.68600000000000        12345.0000000000     
   7.70   3.40
 3035   12345.0000000000        12345.0000000000     
   7.70   3.80
 3037   12345.0000000000        12345.0000000000     
   7.70   4.20
 3039   4.70000000000000        12345.0000000000     
   7.70   4.60
 3041   12345.0000000000        12345.0000000000     
   7.70   5.00
 3043   12345.0000000000        12345.0000000000     
   7.70   5.40
 3045   12345.0000000000        12345.0000000000     
   7.70   5.80
 3047   4.70040000000000        12345.0000000000     
   7.70   6.40
 3049   12345.0000000000        12345.0000000000     
   7.70   7.20
 3051   12345.0000000000        12345.0000000000     
   7.70   8.00
 3053   4.70080000000000        12345.0000000000     
   7.70   8.80
 3055   12345.0000000000        12345.0000000000     
   7.70   9.60
 3057   12345.0000000000        12345.0000000000     
   7.70  10.40
 3059   12345.0000000000        12345.0000000000     
   7.70  11.20
 3061   12345.0000000000        12345.0000000000     
   7.70  12.00
 3063   12345.0000000000        12345.0000000000     
   7.70  12.80
 3065   12345.0000000000        12345.0000000000     
   7.70  13.60
 3067   12345.0000000000        12345.0000000000     
   7.70  14.40
 3069   4.70080000000000        12345.0000000000     
   7.70  15.20
 3201  -100.677725610000       -100.244728740000     
   8.50   0.00
 3203  -100.677492280000       -100.244270750000     
   8.50   0.20
 3205  -100.676802390000       -100.242909110000     
   8.50   0.40
 3207  -100.675670060000       -100.240680040000     
   8.50   0.60
 3209   12345.0000000000        12345.0000000000     
   8.50   0.80
 3211   12345.0000000000        12345.0000000000     
   8.50   1.00
 3213   12345.0000000000        12345.0000000000     
   8.50   1.20
 3215   4.50800000000000        12345.0000000000     
   8.50   1.40
 3217   12345.0000000000        12345.0000000000     
   8.50   1.60
 3219   12345.0000000000        12345.0000000000     
   8.50   1.80
 3221   12345.0000000000        12345.0000000000     
   8.50   2.00
 3223   12345.0000000000        12345.0000000000     
   8.50   2.20
 3225   12345.0000000000        12345.0000000000     
   8.50   2.40
 3227   4.66600000000000        12345.0000000000     
   8.50   2.60
 3229   12345.0000000000        12345.0000000000     
   8.50   2.80
 3231   12345.0000000000        12345.0000000000     
   8.50   3.00
 3233   12345.0000000000        12345.0000000000     
   8.50   3.40
 3235   12345.0000000000        12345.0000000000     
   8.50   3.80
 3237   12345.0000000000        12345.0000000000     
   8.50   4.20
 3239   12345.0000000000        12345.0000000000     
   8.50   4.60
 3241   12345.0000000000        12345.0000000000     
   8.50   5.00
 3243   4.70400000000000        12345.0000000000     
   8.50   5.40
 3245   12345.0000000000        12345.0000000000     
   8.50   5.80
 3247   12345.0000000000        12345.0000000000     
   8.50   6.40
 3249   12345.0000000000        12345.0000000000     
   8.50   7.20
 3251   4.70420000000000        12345.0000000000     
   8.50   8.00
 3253   12345.0000000000        12345.0000000000     
   8.50   8.80
 3255   12345.0000000000        12345.0000000000     
   8.50   9.60
 3257   12345.0000000000        12345.0000000000     
   8.50  10.40
 3259   12345.0000000000        12345.0000000000     
   8.50  11.20
 3261   12345.0000000000        12345.0000000000     
   8.50  12.00
 3263   12345.0000000000        12345.0000000000     
   8.50  12.80
 3265   12345.0000000000        12345.0000000000     
   8.50  13.60
 3267   12345.0000000000        12345.0000000000     
   8.50  14.40
 3269   4.70430000000000        12345.0000000000     
   8.50  15.20
 3401   4.46310000000000        12345.0000000000     
   9.30   0.00
 3403   12345.0000000000        12345.0000000000     
   9.30   0.20
 3405   4.47400000000000        12345.0000000000     
   9.30   0.40
 3407   12345.0000000000        12345.0000000000     
   9.30   0.60
 3409   12345.0000000000        12345.0000000000     
   9.30   0.80
 3411   12345.0000000000        12345.0000000000     
   9.30   1.00
 3413   12345.0000000000        12345.0000000000     
   9.30   1.20
 3415   12345.0000000000        12345.0000000000     
   9.30   1.40
 3417   12345.0000000000        12345.0000000000     
   9.30   1.60
 3419   4.61200000000000        12345.0000000000     
   9.30   1.80
 3421   12345.0000000000        12345.0000000000     
   9.30   2.00
 3423   12345.0000000000        12345.0000000000     
   9.30   2.20
 3425   12345.0000000000        12345.0000000000     
   9.30   2.40
 3427   12345.0000000000        12345.0000000000     
   9.30   2.60
 3429   12345.0000000000        12345.0000000000     
   9.30   2.80
 3431   4.68800000000000        12345.0000000000     
   9.30   3.00
 3433   12345.0000000000        12345.0000000000     
   9.30   3.40
 3435   12345.0000000000        12345.0000000000     
   9.30   3.80
 3437   4.70300000000000        12345.0000000000     
   9.30   4.20
 3439   12345.0000000000        12345.0000000000     
   9.30   4.60
 3441   12345.0000000000        12345.0000000000     
   9.30   5.00
 3443   12345.0000000000        12345.0000000000     
   9.30   5.40
 3445   4.70700000000000        12345.0000000000     
   9.30   5.80
 3447   12345.0000000000        12345.0000000000     
   9.30   6.40
 3449   12345.0000000000        12345.0000000000     
   9.30   7.20
 3451   12345.0000000000        12345.0000000000     
   9.30   8.00
 3453   12345.0000000000        12345.0000000000     
   9.30   8.80
 3455   12345.0000000000        12345.0000000000     
   9.30   9.60
 3457   4.71300000000000        12345.0000000000     
   9.30  10.40
 3459   12345.0000000000        12345.0000000000     
   9.30  11.20
 3461   12345.0000000000        12345.0000000000     
   9.30  12.00
 3463   12345.0000000000        12345.0000000000     
   9.30  12.80
 3465   12345.0000000000        12345.0000000000     
   9.30  13.60
 3467   12345.0000000000        12345.0000000000     
   9.30  14.40
 3469   4.71300000000000        12345.0000000000     
   9.30  15.20
 3601   4.61210000000000        12345.0000000000     
  10.10   0.00
 3603   12345.0000000000        12345.0000000000     
  10.10   0.20
 3605   4.61730000000000        12345.0000000000     
  10.10   0.40
 3607   12345.0000000000        12345.0000000000     
  10.10   0.60
 3609   12345.0000000000        12345.0000000000     
  10.10   0.80
 3611   12345.0000000000        12345.0000000000     
  10.10   1.00
 3613   12345.0000000000        12345.0000000000     
  10.10   1.20
 3615   12345.0000000000        12345.0000000000     
  10.10   1.40
 3617   12345.0000000000        12345.0000000000     
  10.10   1.60
 3619   4.67200000000000        12345.0000000000     
  10.10   1.80
 3621   12345.0000000000        12345.0000000000     
  10.10   2.00
 3623   12345.0000000000        12345.0000000000     
  10.10   2.20
 3625   12345.0000000000        12345.0000000000     
  10.10   2.40
 3627   12345.0000000000        12345.0000000000     
  10.10   2.60
 3629   12345.0000000000        12345.0000000000     
  10.10   2.80
 3631   4.70600000000000        12345.0000000000     
  10.10   3.00
 3633   12345.0000000000        12345.0000000000     
  10.10   3.40
 3635   12345.0000000000        12345.0000000000     
  10.10   3.80
 3637   4.71600000000000        12345.0000000000     
  10.10   4.20
 3639   12345.0000000000        12345.0000000000     
  10.10   4.60
 3641   12345.0000000000        12345.0000000000     
  10.10   5.00
 3643   12345.0000000000        12345.0000000000     
  10.10   5.40
 3645   4.71800000000000        12345.0000000000     
  10.10   5.80
 3647   12345.0000000000        12345.0000000000     
  10.10   6.40
 3649   12345.0000000000        12345.0000000000     
  10.10   7.20
 3651   12345.0000000000        12345.0000000000     
  10.10   8.00
 3653   12345.0000000000        12345.0000000000     
  10.10   8.80
 3655   12345.0000000000        12345.0000000000     
  10.10   9.60
 3657   12345.0000000000        12345.0000000000     
  10.10  10.40
 3659   12345.0000000000        12345.0000000000     
  10.10  11.20
 3661   12345.0000000000        12345.0000000000     
  10.10  12.00
 3663   12345.0000000000        12345.0000000000     
  10.10  12.80
 3665   12345.0000000000        12345.0000000000     
  10.10  13.60
 3667   12345.0000000000        12345.0000000000     
  10.10  14.40
 3669   4.71800000000000        12345.0000000000     
  10.10  15.20
 3801   4.65210000000000        12345.0000000000     
  10.90   0.00
 3803   12345.0000000000        12345.0000000000     
  10.90   0.20
 3805   4.65830000000000        12345.0000000000     
  10.90   0.40
 3807   12345.0000000000        12345.0000000000     
  10.90   0.60
 3809   12345.0000000000        12345.0000000000     
  10.90   0.80
 3811   12345.0000000000        12345.0000000000     
  10.90   1.00
 3813   12345.0000000000        12345.0000000000     
  10.90   1.20
 3815   12345.0000000000        12345.0000000000     
  10.90   1.40
 3817   12345.0000000000        12345.0000000000     
  10.90   1.60
 3819   4.70300000000000        12345.0000000000     
  10.90   1.80
 3821   12345.0000000000        12345.0000000000     
  10.90   2.00
 3823   12345.0000000000        12345.0000000000     
  10.90   2.20
 3825   12345.0000000000        12345.0000000000     
  10.90   2.40
 3827   12345.0000000000        12345.0000000000     
  10.90   2.60
 3829   12345.0000000000        12345.0000000000     
  10.90   2.80
 3831   4.71600000000000        12345.0000000000     
  10.90   3.00
 3833   12345.0000000000        12345.0000000000     
  10.90   3.40
 3835   12345.0000000000        12345.0000000000     
  10.90   3.80
 3837   4.71700000000000        12345.0000000000     
  10.90   4.20
 3839   12345.0000000000        12345.0000000000     
  10.90   4.60
 3841   12345.0000000000        12345.0000000000     
  10.90   5.00
 3843   12345.0000000000        12345.0000000000     
  10.90   5.40
 3845   4.71800000000000        12345.0000000000     
  10.90   5.80
 3847   12345.0000000000        12345.0000000000     
  10.90   6.40
 3849   12345.0000000000        12345.0000000000     
  10.90   7.20
 3851   12345.0000000000        12345.0000000000     
  10.90   8.00
 3853   12345.0000000000        12345.0000000000     
  10.90   8.80
 3855   12345.0000000000        12345.0000000000     
  10.90   9.60
 3857   12345.0000000000        12345.0000000000     
  10.90  10.40
 3859   12345.0000000000        12345.0000000000     
  10.90  11.20
 3861   12345.0000000000        12345.0000000000     
  10.90  12.00
 3863   12345.0000000000        12345.0000000000     
  10.90  12.80
 3865   12345.0000000000        12345.0000000000     
  10.90  13.60
 3867   12345.0000000000        12345.0000000000     
  10.90  14.40
 3869   4.71800000000000        12345.0000000000     
  10.90  15.20
 4001   4.67210000000000        12345.0000000000     
  11.70   0.00
 4003   12345.0000000000        12345.0000000000     
  11.70   0.20
 4005   4.67830000000000        12345.0000000000     
  11.70   0.40
 4007   12345.0000000000        12345.0000000000     
  11.70   0.60
 4009   12345.0000000000        12345.0000000000     
  11.70   0.80
 4011   12345.0000000000        12345.0000000000     
  11.70   1.00
 4013   12345.0000000000        12345.0000000000     
  11.70   1.20
 4015   12345.0000000000        12345.0000000000     
  11.70   1.40
 4017   12345.0000000000        12345.0000000000     
  11.70   1.60
 4019   4.70300000000000        12345.0000000000     
  11.70   1.80
 4021   12345.0000000000        12345.0000000000     
  11.70   2.00
 4023   12345.0000000000        12345.0000000000     
  11.70   2.20
 4025   12345.0000000000        12345.0000000000     
  11.70   2.40
 4027   12345.0000000000        12345.0000000000     
  11.70   2.60
 4029   12345.0000000000        12345.0000000000     
  11.70   2.80
 4031   4.71300000000000        12345.0000000000     
  11.70   3.00
 4033   12345.0000000000        12345.0000000000     
  11.70   3.40
 4035   12345.0000000000        12345.0000000000     
  11.70   3.80
 4037   12345.0000000000        12345.0000000000     
  11.70   4.20
 4039   12345.0000000000        12345.0000000000     
  11.70   4.60
 4041   12345.0000000000        12345.0000000000     
  11.70   5.00
 4043   12345.0000000000        12345.0000000000     
  11.70   5.40
 4045   12345.0000000000        12345.0000000000     
  11.70   5.80
 4047   4.71800000000000        12345.0000000000     
  11.70   6.40
 4049   12345.0000000000        12345.0000000000     
  11.70   7.20
 4051   12345.0000000000        12345.0000000000     
  11.70   8.00
 4053   12345.0000000000        12345.0000000000     
  11.70   8.80
 4055   12345.0000000000        12345.0000000000     
  11.70   9.60
 4057   12345.0000000000        12345.0000000000     
  11.70  10.40
 4059   12345.0000000000        12345.0000000000     
  11.70  11.20
 4061   12345.0000000000        12345.0000000000     
  11.70  12.00
 4063   12345.0000000000        12345.0000000000     
  11.70  12.80
 4065   12345.0000000000        12345.0000000000     
  11.70  13.60
 4067   12345.0000000000        12345.0000000000     
  11.70  14.40
 4069   4.71800000000000        12345.0000000000     
  11.70  15.20
